Date,Open,High,Low,Close,Volume,Dividends,Stock Splits,Pct
2021-03-03,48415.82,52535.14,48274.32,50538.24,53220811975,0,0,
2021-03-04,50522.3,51735.09,47656.93,48561.17,52343816680,0,0,-3.9120278031051336
2021-03-05,48527.03,49396.43,46542.52,48927.3,48625928883,0,0,0.7539562988288839
2021-03-06,48899.23,49147.22,47257.53,48912.38,34363564661,0,0,-0.030494223061572345
2021-03-07,48918.68,51384.37,48918.68,51206.69,43137459378,0,0,4.690652959434827
2021-03-08,51174.12,52314.07,49506.05,52246.52,48597428048,0,0,2.0306526354271215
2021-03-09,52272.97,54824.12,51981.83,54824.12,50912227385,0,0,4.933534329176381
2021-03-10,54824.01,57258.25,53290.89,56008.55,57295577614,0,0,2.1604177139550984
2021-03-11,55963.18,58091.06,54484.59,57805.12,56772343595,0,0,3.207670971664145
2021-03-12,57821.22,57996.62,55376.65,57332.09,55689944702,0,0,-0.8183185157301098
2021-03-13,57343.37,61683.86,56217.97,61243.09,60669829814,0,0,6.821659562733551
2021-03-14,61221.13,61597.92,59302.32,59302.32,43901225564,0,0,-3.1689615922384062
2021-03-15,59267.43,60540.99,55393.16,55907.2,66419369890,0,0,-5.725104852558893
2021-03-16,55840.79,56833.18,53555.03,56804.9,59749798599,0,0,1.6056965829088332
2021-03-17,56825.83,58969.82,54528.63,58870.89,60258313191,0,0,3.636992583386278
2021-03-18,58893.08,60116.25,54253.58,57858.92,55746041000,0,0,-1.718965009701745
2021-03-19,57850.44,59498.38,56643.7,58346.65,49063873786,0,0,0.8429642309258467
2021-03-20,58332.26,60031.29,58213.3,58313.64,50361731222,0,0,-0.056575656014534736
2021-03-21,58309.91,58767.9,56005.62,57523.42,51943414539,0,0,-1.3551203457715877
2021-03-22,57517.89,58471.48,54288.16,54529.14,56521454974,0,0,-5.20532332743776
2021-03-23,54511.66,55985.44,53470.7,54738.95,56435023914,0,0,0.3847667504017105
2021-03-24,54710.49,57262.38,52514.33,52774.27,70567223787,0,0,-3.589181012788878
2021-03-25,52726.75,53392.39,50856.57,51704.16,67999812841,0,0,-2.0277116102221604
2021-03-26,51683.01,55137.31,51579.86,55137.31,56652197978,0,0,6.6399879622838665
2021-03-27,55137.57,56568.21,54242.91,55973.51,47266542233,0,0,1.5165774318696368
2021-03-28,55974.94,56610.31,55071.11,55950.75,47686580918,0,0,-0.04066209176448732
2021-03-29,55947.9,58342.1,55139.34,57750.2,57625587027,0,0,3.2161320447000152
2021-03-30,57750.13,59447.22,57251.55,58917.69,54414116432,0,0,2.021620704343885
2021-03-31,58930.28,59930.03,57726.42,58918.83,65520826225,0,0,0.001934902743139233
2021-04-01,58926.56,59586.07,58505.28,59095.81,61669163792,0,0,0.300379352407365
2021-04-02,59098.88,60267.19,58869.28,59384.31,58727860620,0,0,0.4881902794800608
2021-04-03,59397.41,60110.27,57603.89,57603.89,59641344484,0,0,-2.9981319981658427
